commission: 1.0676422736632963e-05
long_only: true
max_drawdown: 0.09767314104418309
persistence: 8
scale_mu: 1.9228235032516876
slippage: 6.667890403753955e-05
vol_weight: true
